0.000000000000000000e+00 0.000000000000000000e+00 0.000000000000000000e+00 0.000000000000000000e+00 0.000000000000000000e+00 0.000000000000000000e+00
6.323395957054518852e-03 -6.323395347857417234e-03 1.588958477876680972e-02 -1.588958409812337921e-02 -2.221297968899754380e-02 2.221298040207794755e-02
-2.455204576650745971e-02 4.130873342961847994e-02 1.058895834141923425e-01 -8.643189168294870828e-02 -9.039302097140880510e-02 1.122129694253638232e-01
3.699064233155702208e-02 5.470966929410536056e-02 1.958895838670172140e-01 -1.080401634109268288e-01 -8.441359718200786011e-02 2.022129699684054593e-01
1.022436735427044441e-01 8.644872448108642526e-02 2.858895843827419236e-01 -1.162277873357315666e-01 -4.089297325050791215e-02 2.922129705161417013e-01
1.748303123380765267e-01 1.220430447419867392e-01 3.758895848872849665e-01 -1.203359187166278266e-01 2.597468211212011074e-02 3.822129710362764388e-01
2.491643873571109946e-01 1.558386182944862530e-01 4.658895853431694323e-01 -1.222932645219214631e-01 1.142590939061056410e-01 4.722129714981172510e-01
3.202606750861754503e-01 1.929785470083004439e-01 5.558895856200488650e-01 -1.190473737851875796e-01 2.042590928892379365e-01 5.622129718585332503e-01
3.882376072615744134e-01 2.330571862653307014e-01 6.458895857144881791e-01 -1.116550787626164470e-01 2.942590919697668506e-01 6.522129720692557697e-01
4.394462859145510381e-01 2.904364457178006398e-01 7.358895857165074217e-01 -1.181727885008321960e-01 3.842590911798650088e-01 7.422129720881667225e-01
4.699281124481100025e-01 3.676029106942936830e-01 8.258895862287284340e-01 -1.335230759326941907e-01 4.161966020235515762e-01 8.322129718424009504e-01
5.599280979852847562e-01 3.358253405315280160e-01 9.158895868078675839e-01 -1.493613702876749327e-01 5.027215313748353287e-01 8.052620287445679814e-01
6.499280913502960555e-01 3.049180200645252858e-01 1.005889587408178798e+00 -1.622604775070783101e-01 5.906461194155958605e-01 7.794725712415767616e-01
7.160407744734222923e-01 2.934967832436077284e-01 1.095889588035393825e+00 -1.696519861717397659e-01 6.551903526110861575e-01 7.724041364253118047e-01
7.951414958842141223e-01 2.746644000747929804e-01 1.185889588620878454e+00 -1.723433437061138440e-01 7.342753065852791750e-01 7.593892483966323548e-01
8.616319124656451889e-01 2.530797905526954161e-01 1.275889589013365688e+00 -1.640505102278490279e-01 7.972960635202390733e-01 7.612027823885413325e-01
8.530779431988533279e-01 2.570540819769653873e-01 1.365889589471280585e+00 -1.445651067054390393e-01 7.924121277678480846e-01 7.664792339177010083e-01
8.569159563872441598e-01 2.448937834272442715e-01 1.455889589911377069e+00 -8.770260070639318561e-02 8.065161619958872707e-01 7.509866933886610862e-01
9.148978291852595257e-01 1.856393553645856453e-01 1.545889589412561937e+00 2.297399102842379026e-03 8.720114397385293481e-01 6.894892647480275194e-01
9.867557050307873556e-01 1.545508926198428112e-01 1.635889589460512328e+00 -5.406590547563312060e-02 9.577722695571194711e-01 6.599404303387493842e-01
1.051800624362615233e+00 1.488763322570923198e-01 1.725889589515879008e+00 -8.685280486784413556e-02 1.047772269848368687e+00 6.560520790376934697e-01
1.126480461708805780e+00 1.483992311737785952e-01 1.791599072978808715e+00 -5.728247761727593701e-02 1.137772270410167819e+00 6.560068765596713813e-01
1.196099087002161721e+00 1.570891157594911380e-01 1.861509276074112762e+00 -2.001032994223060635e-02 1.227772270834502466e+00 6.883882822787606992e-01
1.255807683759219806e+00 1.706703303789466608e-01 1.928111902169233671e+00 4.471166578570372196e-02 1.314041422279010440e+00 7.523272214826695059e-01
1.305403098559284603e+00 1.868935909999027978e-01 1.980749914253032262e+00 1.096529263142232286e-01 1.379897502850028435e+00 8.266259531380688586e-01
1.346241052580966935e+00 2.038856313170154255e-01 2.024143972775060973e+00 1.732165663674010148e-01 1.434161641870910442e+00 9.030492074801002023e-01
1.377500780445567452e+00 2.213772161072451727e-01 2.064813985866037260e+00 2.324334771635305219e-01 1.482951077241854154e+00 9.794837266853836377e-01
1.401863783314768908e+00 2.398934125385491223e-01 2.103847066094877150e+00 2.863771282402589047e-01 1.529273729635770351e+00 1.054104536490240607e+00
1.420861464960427201e+00 2.598636445485238977e-01 2.141024114105884557e+00 3.352426882149671661e-01 1.575684835747475310e+00 1.125465304788751730e+00
1.435306613523627650e+00 2.816640968132299028e-01 2.175947463885570698e+00 3.806857513764791978e-01 1.624196490868412113e+00 1.191318750215278888e+00
1.446938643602465824e+00 3.057738514206185254e-01 2.210308204075960514e+00 4.257437534634917475e-01 1.672368901889262904e+00 1.248522631866327171e+00
1.459205257186184435e+00 3.324395835646544728e-01 2.246912704463624344e+00 4.696200842587215929e-01 1.712836030525538344e+00 1.298828828751236841e+00
1.470953614174056900e+00 3.626262499867852207e-01 2.283248711304246559e+00 5.119017903258390456e-01 1.749903286732605645e+00 1.341961101088357644e+00
1.482981611672033351e+00 3.962384972772071134e-01 2.317740608392505397e+00 5.508263094526337778e-01 1.784008951732783510e+00 1.380455014484820220e+00
1.495595811759074634e+00 4.327483041979378608e-01 2.349029235270300831e+00 5.860854746061782139e-01 1.815456857429275761e+00 1.415893815645610898e+00
1.508585949808260107e+00 4.712593169920240022e-01 2.376799837732372023e+00 6.183372031561988891e-01 1.844111084423939673e+00 1.449139587606667057e+00
1.521384308779094585e+00 5.109212386514762061e-01 2.401450982386874600e+00 6.484606550763576394e-01 1.869964081456860328e+00 1.480537817349829144e+00
1.533430843316445857e+00 5.510706751222521627e-01 2.423618352235433981e+00 6.771075253152075701e-01 1.893234755272613201e+00 1.510267376319979205e+00
1.544349172783619384e+00 5.912256979702293913e-01 2.443897114699966622e+00 7.046444345692913780e-01 1.914271662007341224e+00 1.538498905291472152e+00
1.553946794111047192e+00 6.310585790365811354e-01 2.462747785556097302e+00 7.312454790266061933e-01 1.933466989302803585e+00 1.565401699756487242e+00
1.562158480334758792e+00 6.703613614154539935e-01 2.480502043559698500e+00 7.569867311957101386e-01 1.951197179882619093e+00 1.591122627144565094e+00
1.568995287256604199e+00 7.090048899755569956e-01 2.497396417904813593e+00 7.819076027561785436e-01 1.967786667348476737e+00 1.615782209272189851e+00
1.574521046926633749e+00 7.468891764000601396e-01 2.513595259974331864e+00 8.060504579666805114e-01 1.983486934227773446e+00 1.639489845768791643e+00
1.578882877079655689e+00 7.838560775889921173e-01 2.529174728176024622e+00 8.295068689106978033e-01 1.998446271059867163e+00 1.662388627992713364e+00
1.582340277493059055e+00 8.194344479767688982e-01 2.543667409269956270e+00 8.524854275248505697e-01 2.012973923099102613e+00 1.684895005548739055e+00
1.585287591018446074e+00 8.527481800848064619e-01 2.555160615683091052e+00 8.769013825012741403e-01 2.028489743981030990e+00 1.706175277092333742e+00
1.587233228575431587e+00 8.853055731860676181e-01 2.565768155944875506e+00 9.004744803240213313e-01 2.043367982237934033e+00 1.727162679798825984e+00
1.589270839205454200e+00 9.164788247241980601e-01 2.575744229471456315e+00 9.233641104679448652e-01 2.057027248496131389e+00 1.748227802331297820e+00
1.594075657277993940e+00 9.437630021605020181e-01 2.584747088689022476e+00 9.464275216126049051e-01 2.067667813024169021e+00 1.770988068188747322e+00
1.600209923978890947e+00 9.688752293135513005e-01 2.593056322545380876e+00 9.694126828388301975e-01 2.076737926047778515e+00 1.794017970169085041e+00
1.606927276570819796e+00 9.926294329121494453e-01 2.600889108027911512e+00 9.920984770081036075e-01 2.084931440838607486e+00 1.816796049808571789e+00
1.613842435556451349e+00 1.015419592390927717e+00 2.608373090255117877e+00 1.014370641674503526e+00 2.092605488652088841e+00 1.839126694330159850e+00
1.620762457053396277e+00 1.037455730667872889e+00 2.615591861942397234e+00 1.036171593278232717e+00 2.099934665076938156e+00 1.860944926431540969e+00
1.627590999093013524e+00 1.058856004796541850e+00 2.622599955380695569e+00 1.057478509256618127e+00 2.107007637601977734e+00 1.882241708561783300e+00
1.634285739334732979e+00 1.079693931899045056e+00 2.629426906228673033e+00 1.078291095169460201e+00 2.113873823714515598e+00 1.903026884448411948e+00
1.640832742508343101e+00 1.100018501354095735e+00 2.636088870954107488e+00 1.098620730401093093e+00 2.120561632960984433e+00 1.923319082718945250e+00
1.647231169303508214e+00 1.119864739728688274e+00 2.642596332020016980e+00 1.118484886708460913e+00 2.127088269182948910e+00 1.943140499412350453e+00
1.653485350766029427e+00 1.139260316985958310e+00 2.648957532641051049e+00 1.137903597568409531e+00 2.133465407350653376e+00 1.962513878316270333e+00
1.659601314253950077e+00 1.158229028263680682e+00 2.655179760541531486e+00 1.156897450859531107e+00 2.139702039743999418e+00 1.981461224029003709e+00
1.665585446377706447e+00 1.176792382574425977e+00 2.661269778404054431e+00 1.175486624392046764e+00 2.145805763793580567e+00 2.000003417970993347e+00
1.671444020872013603e+00 1.194970302433231435e+00 2.667233958917737624e+00 1.193690487921744703e+00 2.151783356328711427e+00 2.018160171010622062e+00
1.677183047365877533e+00 1.212781449861598082e+00 2.673078330209596842e+00 1.211527472774335701e+00 2.157641039434408992e+00 2.035950077744266729e+00
1.682808234259095093e+00 1.230243400194017456e+00 2.678808598581298828e+00 1.229015057915824771e+00 2.163384612264151130e+00 2.053390693974851189e+00
1.688324990814382476e+00 1.247372752797862194e+00 2.684430167201577788e+00 1.246169803341208526e+00 2.169019522942647882e+00 2.070498614268810655e+00
1.693738441881285306e+00 1.264185213861404256e+00 2.689948154621141896e+00 1.263007400695739912e+00 2.174550912685891291e+00 2.087289543844472739e+00
1.699053445937483531e+00 1.280695665165393349e+00 2.695367413212981678e+00 1.279542728417766062e+00 2.179983646407270381e+00 2.103778364059675887e+00
1.704274613254914694e+00 1.296918224492360050e+00 2.700692547049200698e+00 1.295789906200279340e+00 2.185322336303195279e+00 2.119979192015902569e+00
1.709406323159262886e+00 1.312866300118228136e+00 2.705927928856254105e+00 1.311762346769536292e+00 2.190571361451148835e+00 2.135905434978786044e+00
1.714452740108635354e+00 1.328552640573089860e+00 2.711077715885046757e+00 1.327472804330921852e+00 2.195734884883837612e+00 2.151569840240339371e+00
1.719426260103844584e+00 1.343988852375908705e+00 2.716143147785868628e+00 1.342930360934871503e+00 2.200811150184810661e+00 2.166988128865334318e+00
1.724326829464029709e+00 1.359186741988667846e+00 2.721129607321983279e+00 1.358147794132831931e+00 2.205806152949929100e+00 2.182170409111919174e+00
1.729155138732533237e+00 1.374157610303761379e+00 2.726041159853110685e+00 1.373137771431716336e+00 2.210725939723783728e+00 2.197125805845130397e+00
1.733913559302601826e+00 1.388912012199608359e+00 2.730881618226527419e+00 1.387911077360893808e+00 2.215574641316908178e+00 2.211864581935374829e+00
1.738604992182129383e+00 1.403460005579462822e+00 2.735654420998012260e+00 1.402477808466394915e+00 2.220355778793702495e+00 2.226396794083554731e+00
1.743232445776028872e+00 1.417811218153751440e+00 2.740362761068610542e+00 1.416847596867686576e+00 2.225072587498492904e+00 2.240732095183304740e+00
1.747798889117287979e+00 1.431974879400378819e+00 2.745009659662642321e+00 1.431029668147349776e+00 2.229728118060621878e+00 2.254879730622594725e+00
1.752307203186189488e+00 1.445959845440348612e+00 2.749598000808029852e+00 1.445032871479116077e+00 2.234325276805929850e+00 2.268848563438328636e+00
1.756760167611985501e+00 1.459774622190991744e+00 2.754130548651777755e+00 1.458865704339433300e+00 2.238866846136249755e+00 2.282647101124001043e+00
1.761160460133369687e+00 1.473427387536877964e+00 2.758609958119309535e+00 1.472536335307730537e+00 2.243355497153976419e+00 2.296283520305981263e+00
1.765510660542235932e+00 1.486926012460207946e+00 2.763038782976930285e+00 1.486052625481850242e+00 2.247793798890157291e+00 2.309765689237571085e+00
1.769813256058459183e+00 1.500278081037818456e+00 2.767419482755153926e+00 1.499422148608581917e+00 2.252184225856876054e+00 2.323101188481229595e+00
1.774070647008418655e+00 1.513490909282017238e+00 2.771754429043983947e+00 1.512652209990379859e+00 2.256529164652887331e+00 2.336297330081443580e+00
1.778285152396264612e+00 1.526571562854929009e+00 2.776045911344442008e+00 1.525749864236547237e+00 2.260830919950217677e+00 2.349361175437287841e+00
1.782459015225294152e+00 1.539526873712095290e+00 2.780296142551651251e+00 1.538721931932227838e+00 2.265091720019453803e+00 2.362299552021335902e+00
1.786594407527471340e+00 1.552363455739998122e+00 2.784507264109109315e+00 1.551575015298019000e+00 2.269313721876726753e+00 2.375119069053983623e+00
1.790693435096352371e+00 1.565087719451971227e+00 2.788681350861714314e+00 1.564315512908828643e+00 2.273499016101140580e+00 2.387826132219044606e+00
1.794758141931624085e+00 1.577705885802315411e+00 2.792820415630164810e+00 1.576949633534405759e+00 2.277649631354683901e+00 2.400426957490847890e+00
1.798790514407014651e+00 1.590223999171706648e+00 2.796926413526358957e+00 1.589483409156708937e+00 2.281767538627663683e+00 2.412927584131218772e+00
1.802792545124887180e+00 1.602647966224553855e+00 2.801001183462398902e+00 1.601922678280804702e+00 2.285854657840020288e+00 2.425333889179764668e+00
1.806769687904751898e+00 1.614983192462917660e+00 2.805045601349233753e+00 1.614271624833925500e+00 2.289910260166882594e+00 2.437653446666203205e+00
1.810721614387138745e+00 1.627235606757873931e+00 2.809061803832760162e+00 1.626537061113086047e+00 2.293938000062936133e+00 2.449890251838832800e+00
1.814649290300000883e+00 1.639410710999296583e+00 2.813051873705886941e+00 1.638724628134091699e+00 2.297940162157126043e+00 2.462049501785505967e+00
1.818554134191254779e+00 1.651513824604192937e+00 2.817017700760802601e+00 1.650839680947735921e+00 2.301918650951660261e+00 2.474136493734638176e+00
1.822437714456200730e+00 1.663550145330259689e+00 2.820961055336871581e+00 1.662887437200766483e+00 2.305875228804967314e+00 2.486156441749446611e+00
1.826301636903356229e+00 1.675524766723959669e+00 2.824883638756992443e+00 1.674873005949493177e+00 2.309811585771939679e+00 2.498114454417990071e+00
1.830150774364526223e+00 1.687442280822885055e+00 2.828786356549025438e+00 1.686800011265371380e+00 2.313726843473234318e+00 2.510017330400881708e+00
1.833984666787368933e+00 1.699307952398389610e+00 2.832671103133449719e+00 1.698674549295025260e+00 2.317624377648224598e+00 2.521868446133555430e+00
1.837804085892544403e+00 1.711126652423038186e+00 2.836539765068301300e+00 1.710501646312712287e+00 2.321506254986122286e+00 2.533672381234874926e+00
1.841610252125598590e+00 1.722903110193138243e+00 2.840394057263180283e+00 1.722286086915249870e+00 2.325374184498707919e+00 2.545433851906870881e+00
1.845404545998319490e+00 1.734641971059396770e+00 2.844235585015679746e+00 1.734032551203500638e+00 2.329229747538242190e+00 2.557157526338654563e+00
1.849188397177498500e+00 1.746347807609611724e+00 2.848065890727531357e+00 1.745745637755018231e+00 2.333074464070937992e+00 2.568847996874992212e+00
1.852963240490631325e+00 1.758025119874831788e+00 2.851886476088771882e+00 1.757429867565844406e+00 2.336909815003916702e+00 2.580509777429270901e+00
1.856730497725884721e+00 1.769678332454563074e+00 2.855698810996591064e+00 1.769089683440806748e+00 2.340737250098006594e+00 2.592147302763684547e+00
1.860476011739857993e+00 1.781311538218316670e+00 2.859510499596308541e+00 1.780736775250559401e+00 2.344567587234661854e+00 2.603757847258657776e+00
1.864217102441440010e+00 1.792927922192748547e+00 2.863318277608774665e+00 1.792367085651648484e+00 2.348390942674693616e+00 2.615355078475437800e+00
1.867955404018834864e+00 1.804532835369554666e+00 2.867121786393110217e+00 1.803985497206124222e+00 2.352210120434433449e+00 2.626941261768076963e+00
1.871692347314468430e+00 1.816130721821963334e+00 2.870921908996732608e+00 1.815596007091281328e+00 2.356026775122319616e+00 2.638520114962222607e+00
1.875429198041964174e+00 1.827725618507983318e+00 2.874719842183721674e+00 1.827202473056081411e+00 2.359842281401557162e+00 2.650095500181339325e+00
1.879167109209695319e+00 1.839321298388104653e+00 2.878516852115769353e+00 1.838808645780251272e+00 2.363657898200448138e+00 2.661671163433514398e+00
1.882907144270121735e+00 1.850921295377578435e+00 2.882314185603895851e+00 1.850418108735252476e+00 2.367474797121226882e+00 2.673250655794471520e+00
1.886650278314798257e+00 1.862528878744427407e+00 2.886113023088225926e+00 1.862034208964275184e+00 2.371294058735461174e+00 2.684837276443783782e+00
1.890400372869665446e+00 1.874146440125097124e+00 2.889914022161608198e+00 1.873658667673252731e+00 2.375114088037094007e+00 2.696435873986759546e+00
1.894156299035617774e+00 1.885777000851931673e+00 2.893718189465943169e+00 1.885295250040054604e+00 2.378937533827928608e+00 2.708047402366303480e+00
1.897917920699105476e+00 1.897422656747942860e+00 2.897526507494770698e+00 1.896946233954164729e+00 2.382765562419978611e+00 2.719673654397506191e+00
1.901688086625022533e+00 1.909084146782559444e+00 2.901339341833560681e+00 1.908611872330608028e+00 2.386596304822238501e+00 2.731317761288965862e+00
1.905465053184813851e+00 1.920762434118572726e+00 2.905156949310149450e+00 1.920293726196410145e+00 2.390431722017942295e+00 2.742978651260708389e+00
1.909229709020495269e+00 1.932458900299563131e+00 2.908983233578188443e+00 1.932000110571990392e+00 2.394286372358403803e+00 2.754644560069802406e+00
1.912992761400698294e+00 1.944169556851671921e+00 2.912816005527944618e+00 1.943721203200551084e+00 2.398149534861979681e+00 2.766322590416656624e+00
1.916762221115763776e+00 1.955889824656781739e+00 2.916651551474960691e+00 1.955448370730902052e+00 2.402012669835881908e+00 2.778013045323465491e+00
1.920533663117589995e+00 1.967613759417127905e+00 2.920486969318398796e+00 1.967176459360746588e+00 2.405876171149012865e+00 2.789705754551518258e+00
1.924302488632683605e+00 1.979330967641192318e+00 2.924318944453619284e+00 1.978894890526727401e+00 2.409737316547983621e+00 2.801389089839585012e+00
1.928062614535582364e+00 1.991026013389585403e+00 2.928142548724343985e+00 1.990587542664232101e+00 2.413591405220387731e+00 2.813046460299916340e+00
1.931820364716113625e+00 2.002669709093614969e+00 2.931948999948759571e+00 2.002226836731765935e+00 2.417418132473060588e+00 2.824664893529164278e+00
1.935556771382184182e+00 2.014226781075816763e+00 2.935724035130172549e+00 2.013791411847448032e+00 2.421218046215994679e+00 2.836200874743284750e+00
1.939253372433882960e+00 2.025654142379779366e+00 2.939457568580685631e+00 2.025224392132360052e+00 2.424972796545259879e+00 2.847610672445534341e+00
1.942886240784688301e+00 2.036883132009967845e+00 2.943126168777247198e+00 2.036458795889252826e+00 2.428662074883742417e+00 2.858822594781000426e+00
1.946421888249597387e+00 2.047813018169629018e+00 2.946697010040522979e+00 2.047393831711257661e+00 2.432253370593930430e+00 2.869735365271823380e+00
1.949810980403623217e+00 2.058293448520211122e+00 2.950121081272873980e+00 2.057879064799193358e+00 2.435697741227917934e+00 2.880198479247728205e+00
1.952977613143686897e+00 2.068092721780863119e+00 2.953322752804067530e+00 2.067682488061519219e+00 2.438919638033596904e+00 2.889979861536217776e+00
1.955796081296388822e+00 2.076827292034684191e+00 2.956175425606433649e+00 2.076428519288247010e+00 2.441798198302593370e+00 2.898695241892384811e+00
1.958027866612663370e+00 2.083765290702313866e+00 2.958441525384249982e+00 2.083379950502885603e+00 2.444091561779385025e+00 2.905613864599652540e+00
1.959127584250389909e+00 2.087235733641052970e+00 2.959575362476644322e+00 2.086864434698519233e+00 2.445253840371614640e+00 2.909063177402305467e+00
1.959663768438900222e+00 2.088974844728701541e+00 2.960146652352323660e+00 2.088605584450781372e+00 2.445844704304266592e+00 2.910785473886214447e+00
1.959918143569423066e+00 2.089848571465510396e+00 2.960435277691413347e+00 2.089478497990761241e+00 2.446151832120426750e+00 2.911641107159748110e+00
1.960025358295374609e+00 2.090293917462058726e+00 2.960580916864315792e+00 2.089923653101035228e+00 2.446327980518874234e+00 2.912055860984747113e+00
1.960061744423635011e+00 2.090525119913944074e+00 2.960655737484472194e+00 2.090153850527430635e+00 2.446436962189847630e+00 2.912253498282169950e+00
1.960071883649315838e+00 2.090643317356065900e+00 2.960695915104250009e+00 2.090273533955179897e+00 2.446501521899039577e+00 2.912351410707406441e+00
1.960068500101458833e+00 2.090708749558797486e+00 2.960718030452426763e+00 2.090341439689502145e+00 2.446546956566333364e+00 2.912396796533584631e+00
1.960059089464725401e+00 2.090751070316264393e+00 2.960731493701486805e+00 2.090386896364822000e+00 2.446584565428831404e+00 2.912417331013329669e+00
1.960047488709338426e+00 2.090784314403763222e+00 2.960741227673692855e+00 2.090423749485299521e+00 2.446619263830642765e+00 2.912427560590825415e+00
1.960035315441442494e+00 2.090814247468538500e+00 2.960749430693944362e+00 2.090457579662111876e+00 2.446652915428945363e+00 2.912433944548091791e+00
1.960023170912301937e+00 2.090842979580243455e+00 2.960756962799852676e+00 2.090490371724460505e+00 2.446686147255774824e+00 2.912439024957368172e+00
1.960011275441616796e+00 2.090871240322075941e+00 2.960764126037065846e+00 2.090522790733643443e+00 2.446719158531418081e+00 2.912443745969023556e+00
1.959999720186361927e+00 2.090899275991373152e+00 2.960771009395172015e+00 2.090555053805807972e+00 2.446752010954661216e+00 2.912448451331489441e+00
1.959988554321577814e+00 2.090927168831412608e+00 2.960777624516886863e+00 2.090587229795412672e+00 2.446784722970713144e+00 2.912453266753099790e+00
1.959977813252627765e+00 2.090954946390478852e+00 2.960783956246475945e+00 2.090619338538232785e+00 2.446817299526726330e+00 2.912458239675926208e+00
1.959967527224247608e+00 2.090982618510686564e+00 2.960789980995657267e+00 2.090651383423735243e+00 2.446849741485700225e+00 2.912463389369756683e+00
1.959957723656520656e+00 2.091010189769196614e+00 2.960795673425742347e+00 2.090683362111015242e+00 2.446882048640722562e+00 2.912468724741384296e+00
1.959948427542057781e+00 2.091037663621827303e+00 2.960801008994199179e+00 2.090715270100613310e+00 2.446914220688227282e+00 2.912474250653072971e+00
1.959939661287836365e+00 2.091065043733387530e+00 2.960805965052049959e+00 2.090747101975800160e+00 2.446946257536557923e+00 2.912479970170471333e+00
1.959931444439901638e+00 2.091092334345185044e+00 2.960810521418204999e+00 2.090778851888072332e+00 2.446978159391961949e+00 2.912485885371122851e+00
1.959923793428509198e+00 2.091119540307697644e+00 2.960814660738857462e+00 2.090810513799904680e+00 2.447009926767353072e+00 2.912491997644501396e+00
1.959916721374474813e+00 2.091146666995407521e+00 2.960818368731049866e+00 2.090842081649125106e+00 2.447041560463378396e+00 2.912498307812632081e+00
1.959910237965007740e+00 2.091173720182140539e+00 2.960821634342778452e+00 2.090873549485106953e+00 2.447073061539826178e+00 2.912504816187216239e+00
1.959904349395649170e+00 2.091200705907724000e+00 2.960824449842833772e+00 2.090904911590224291e+00 2.447104431284714998e+00 2.912511522603616676e+00
1.959893503629791756e+00 2.091230328791988669e+00 2.960831761680202234e+00 2.090931374691997746e+00 2.447134999160540669e+00 2.912518371426978891e+00
1.959880809956686232e+00 2.091260805522568766e+00 2.960840563907419565e+00 2.090956416989762978e+00 2.447165435719369064e+00 2.912525119772659821e+00
1.959867485716811908e+00 2.091291538642915615e+00 2.960849838926312483e+00 2.090981027162699402e+00 2.447195831424427759e+00 2.912531838213158863e+00
1.959854013478387280e+00 2.091322341156429232e+00 2.960859222136197566e+00 2.091005481251242859e+00 2.447226181339747342e+00 2.912538581176284502e+00
1.959840589228045493e+00 2.091353159949314477e+00 2.960868573675572435e+00 2.091029853301468844e+00 2.447256475191744052e+00 2.912545370815449619e+00
1.959827295938021852e+00 2.091383982368203220e+00 2.960877835153445492e+00 2.091054161411125545e+00 2.447286707757498903e+00 2.912552213882735330e+00
1.959814171181259335e+00 2.091414806593294706e+00 2.960886979177463019e+00 2.091078409350547229e+00 2.447316877340662611e+00 2.912559111494575692e+00
1.959801233765501971e+00 2.091445633011767669e+00 2.960895990776299058e+00 2.091102598017292369e+00 2.447346983954210575e+00 2.912566062929835553e+00
1.959788494378588375e+00 2.091476462056252927e+00 2.960904860319045095e+00 2.091126728272850510e+00 2.447377028348691752e+00 2.912573066877749195e+00
1.959775959913315768e+00 2.091507293846242899e+00 2.960913580739502837e+00 2.091150801445039065e+00 2.447407011581179237e+00 2.912580121802739619e+00
1.959763635255579617e+00 2.091538128241851258e+00 2.960922146421454570e+00 2.091174819284482123e+00 2.447436934839882117e+00 2.912587226041526645e+00
1.959751524039713866e+00 2.091568964941638242e+00 2.960930552739323929e+00 2.091198783846495601e+00 2.447466799376008861e+00 2.912594377829697212e+00
1.959739628979245252e+00 2.091599803550678427e+00 2.960938795860577066e+00 2.091222697398952945e+00 2.447496606477086445e+00 2.912601575313746416e+00
1.959727952023128550e+00 2.091630643618124008e+00 2.960946872652008732e+00 2.091246562362887307e+00 2.447526357454933521e+00 2.912608816562058500e+00
1.959716494441541945e+00 2.091661484655369385e+00 2.960954780625574934e+00 2.091270381275263990e+00 2.447556053638177076e+00 2.912616099576958550e+00
1.959705256884672453e+00 2.091692326143846703e+00 2.960962517897506974e+00 2.091294156764288203e+00 2.447585696365862873e+00 2.912623422307507592e+00
1.959694239432300256e+00 2.091723167537929751e+00 2.960970083150327614e+00 2.091317891531189854e+00 2.447615286981226657e+00 2.912630782662459339e+00
1.959683441641048685e+00 2.091754008265888753e+00 2.960977475594098962e+00 2.091341588335180912e+00 2.447644826825543518e+00 2.912638178522932719e+00
1.959672862591513187e+00 2.091784847730354446e+00 2.960984694926072525e+00 2.091365249979973306e+00 2.447674317232189534e+00 2.912645607754500876e+00
1.959662493533129046e+00 2.091815680561845525e+00 2.960991713133937164e+00 2.091388944542916128e+00 2.447703800566598531e+00 2.912653013091432097e+00
1.959652328464451809e+00 2.091846499904924883e+00 2.960998520935242517e+00 2.091412705696712226e+00 2.447733295617998461e+00 2.912660370456846781e+00
1.959642363958024047e+00 2.091877301625763241e+00 2.961005119819318576e+00 2.091436541897154111e+00 2.447762805639367212e+00 2.912667676117483229e+00
1.959632597498571327e+00 2.091908083907413562e+00 2.961011512624565967e+00 2.091460455324571033e+00 2.447792330765056867e+00 2.912674929726985162e+00
1.959623026970257254e+00 2.091938846064530733e+00 2.961017702049189460e+00 2.091484446416752796e+00 2.447821870509734321e+00 2.912682131413392383e+00
1.959613650407628693e+00 2.091969587896887806e+00 2.961023690581817469e+00 2.091508515086770714e+00 2.447851424292081468e+00 2.912689281325078650e+00
1.959604465868474588e+00 2.092000309400851243e+00 2.961029480605741782e+00 2.091532661094492429e+00 2.447880991548401219e+00 2.912696379576430239e+00
1.959595452197808285e+00 2.092031013191866684e+00 2.961035106387861493e+00 2.091556859037285943e+00 2.447910555377984299e+00 2.912703445196691554e+00
1.959586586410927422e+00 2.092061702005145296e+00 2.961040601603522227e+00 2.091581087925189930e+00 2.447940101274002522e+00 2.912710493128719769e+00
1.959577857788907806e+00 2.092092376520724883e+00 2.961045978583150440e+00 2.091605345125102211e+00 2.447969626256906395e+00 2.912717524658091417e+00
1.959569260482221242e+00 2.092123036548835024e+00 2.961051243132973632e+00 2.091629631755457908e+00 2.447999129952989961e+00 2.912724538913539885e+00
1.959560790552974385e+00 2.092153681718958769e+00 2.961056398861090511e+00 2.091653949495273945e+00 2.448028612665567483e+00 2.912731534821749069e+00
1.959552444837278529e+00 2.092184311688207288e+00 2.961061448558901965e+00 2.091678299953901643e+00 2.448058074906211079e+00 2.912738511380617901e+00
1.959544220508906420e+00 2.092214926173761036e+00 2.961066394680915703e+00 2.091702684592817274e+00 2.448087517256047896e+00 2.912745467669530353e+00
1.959536114909546267e+00 2.092245524942415003e+00 2.961071239523842991e+00 2.091727104747493460e+00 2.448116940314523760e+00 2.912752402832536003e+00
1.959528125481345251e+00 2.092276107796744000e+00 2.961075985297252355e+00 2.091751561655166292e+00 2.448146344677367470e+00 2.912759316065797410e+00
1.959520249739464592e+00 2.092306674565612035e+00 2.961080634152444269e+00 2.091776056474155432e+00 2.448175730926656080e+00 2.912766206609935349e+00
1.959512485260612502e+00 2.092337225098640285e+00 2.961085188194398476e+00 2.091800590295972651e+00 2.448205099626583614e+00 2.912773073745192676e+00
1.959504829678055504e+00 2.092367759263120686e+00 2.961089649486642550e+00 2.091825164153019223e+00 2.448234451322057303e+00 2.912779916788076129e+00
1.959497280679260101e+00 2.092398276942250224e+00 2.961094020053131715e+00 2.091849779023843059e+00 2.448263786538699804e+00 2.912786735088781498e+00
1.959489836004577601e+00 2.092428778034031378e+00 2.961098301878900774e+00 2.091874435837079993e+00 2.448293105783527768e+00 2.912793528029060663e+00
1.959482493446306650e+00 2.092459262450501623e+00 2.961102496910259951e+00 2.091899135474671656e+00 2.448322409545935940e+00 2.912800295020357755e+00
1.959475250847861449e+00 2.092489730117124136e+00 2.961106607054865947e+00 2.091923878774664125e+00 2.448351698298794954e+00 2.912807035502126940e+00
1.959468106102935092e+00 2.092520180972259336e+00 2.961110634181812973e+00 2.091948666533739676e+00 2.448380972499568209e+00 2.912813748940285663e+00
1.959461057154619157e+00 2.092550614966677269e+00 2.961114580121800177e+00 2.091973499509561130e+00 2.448410232591401670e+00 2.912820434825776239e+00
1.959454101994472230e+00 2.092581032063101087e+00 2.961118446667390103e+00 2.091998378422970095e+00 2.448439479004168806e+00 2.912827092673219376e+00
1.959447238661538249e+00 2.092611432235763402e+00 2.961122235573354189e+00 2.092023303960059533e+00 2.448468712155459137e+00 2.912833722019651628e+00
